1 1 2.02178829233901e-09 1 1200 0.9 0.5
1 2 0 160 1200 -99 -99
1 3 0.001566316 1 1700 0.8 0.5
1 4 0.008828279 120 1700 -99 -99
1 5 0.326182786189106 -99 -99 -99 -99
1 6 0.618009759189106 -99 -99 -99 -99
1 7 9.87236e-05 -99 -99 -99 -99
1 8 0.045314134 -99 -99 -99 -99
2 1 2.52723542093491e-09 1 1200 0.9 0.5
2 2 0 160 1200 -99 -99
2 3 0.003314402 1 1700 0.8 0.5
2 4 0.012132242 120 1700 -99 -99
2 5 0.519166907986382 -99 -99 -99 -99
2 6 0.439145288986382 -99 -99 -99 -99
2 7 4.63625e-05 -99 -99 -99 -99
2 8 0.026194794 -99 -99 -99 -99
3 1 0.000100224939646121 1 1200 0.9 0.5
3 2 1.21436e-05 160 1200 -99 -99
3 3 0.004969288 1 1700 0.8 0.5
3 4 0.027018065 120 1700 -99 -99
3 5 0.208263082730177 -99 -99 -99 -99
3 6 0.742073328730177 -99 -99 -99 -99
3 7 0.000164148 -99 -99 -99 -99
3 8 0.017399719 -99 -99 -99 -99
4 1 0.0111090300843842 1 1200 0.9 0.5
4 2 0.001104491 160 1200 -99 -99
4 3 0 1 1700 0.8 0.5
4 4 0.073946861 120 1700 -99 -99
4 5 0.913839617915616 -99 -99 -99 -99
4 6 0 -99 -99 -99 -99
4 7 0 -99 -99 -99 -99
4 8 0 -99 -99 -99 -99
5 1 0.00513104457028724 1 1200 0.9 0.5
5 2 0.001225677 160 1200 -99 -99
5 3 0 1 1700 0.8 0.5
5 4 0.05533166 120 1700 -99 -99
5 5 0.938311618429713 -99 -99 -99 -99
5 6 0 -99 -99 -99 -99
5 7 0 -99 -99 -99 -99
5 8 0 -99 -99 -99 -99
6 1 0.0249821216053201 1 1200 0.9 0.5
6 2 0.001624735 160 1200 -99 -99
6 3 0 1 1700 0.8 0.5
6 4 0.090156432 120 1700 -99 -99
6 5 0.87475335019734 -99 -99 -99 -99
6 6 0.00832965819733998 -99 -99 -99 -99
6 7 0 -99 -99 -99 -99
6 8 0.000153703 -99 -99 -99 -99
7 1 0.0297613758317598 1 1200 0.9 0.5
7 2 0.0062696 160 1200 -99 -99
7 3 0 1 1700 0.8 0.5
7 4 0.135621553 120 1700 -99 -99
7 5 0.82834747116824 -99 -99 -99 -99
7 6 0 -99 -99 -99 -99
7 7 0 -99 -99 -99 -99
7 8 0 -99 -99 -99 -99
8 1 0.0216641597006364 1 1200 0.9 0.5
8 2 0.001783088 160 1200 -99 -99
8 3 0 1 1700 0.8 0.5
8 4 0.080670408 120 1700 -99 -99
8 5 0.895882344299364 -99 -99 -99 -99
8 6 0 -99 -99 -99 -99
8 7 0 -99 -99 -99 -99
8 8 0 -99 -99 -99 -99
9 1 0.0458912361477347 1 1200 0.9 0.5
9 2 0.003355115 160 1200 -99 -99
9 3 0.001036419 1 1700 0.8 0.5
9 4 0.052062799 120 1700 -99 -99
9 5 0.897654430852265 -99 -99 -99 -99
9 6 0 -99 -99 -99 -99
9 7 0 -99 -99 -99 -99
9 8 0 -99 -99 -99 -99
10 1 0.021724353 1 1200 0.9 0.5
10 2 0.019994056 160 1200 -99 -99
10 3 0.002025017 1 1700 0.8 0.5
10 4 0.071402351 120 1700 -99 -99
10 5 0.884653097 -99 -99 -99 -99
10 6 0.000201126 -99 -99 -99 -99
10 7 0 -99 -99 -99 -99
10 8 0 -99 -99 -99 -99
11 1 0.014720795 1 1200 0.9 0.5
11 2 0.022731289 160 1200 -99 -99
11 3 0.003882501 1 1700 0.8 0.5
11 4 0.062836746 120 1700 -99 -99
11 5 0.895828669 -99 -99 -99 -99
11 6 0 -99 -99 -99 -99
11 7 0 -99 -99 -99 -99
11 8 0 -99 -99 -99 -99
12 1 0.130715768 1 1200 0.9 0.5
12 2 0.035750556 160 1200 -99 -99
12 3 0.005377256 1 1700 0.8 0.5
12 4 0.104393562 120 1700 -99 -99
12 5 0.723305832 -99 -99 -99 -99
12 6 0.000457026 -99 -99 -99 -99
12 7 0 -99 -99 -99 -99
12 8 0 -99 -99 -99 -99
13 1 0.00554708663775005 1 1200 0.9 0.5
13 2 0.012361423 160 1200 -99 -99
13 3 0.000391544 1 1700 0.8 0.5
13 4 0.016172332 120 1700 -99 -99
13 5 0.96552761436225 -99 -99 -99 -99
13 6 0 -99 -99 -99 -99
13 7 0 -99 -99 -99 -99
13 8 0 -99 -99 -99 -99
14 1 0.012374389605375 1 1200 0.9 0.5
14 2 0.017814649 160 1200 -99 -99
14 3 0.000888581 1 1700 0.8 0.5
14 4 0.035411068 120 1700 -99 -99
14 5 0.933511312394625 -99 -99 -99 -99
14 6 0 -99 -99 -99 -99
14 7 0 -99 -99 -99 -99
14 8 0 -99 -99 -99 -99
15 1 0 1 1200 0.9 0.5
15 2 0 160 1200 -99 -99
15 3 0 1 1700 0.8 0.5
15 4 0 120 1700 -99 -99
15 5 1 -99 -99 -99 -99
15 6 0 -99 -99 -99 -99
15 7 0 -99 -99 -99 -99
15 8 0 -99 -99 -99 -99
16 1 0.0110630898866251 1 1200 0.9 0.5
16 2 0.008445712 160 1200 -99 -99
16 3 0.002168447 1 1700 0.8 0.5
16 4 0.019575805 120 1700 -99 -99
16 5 0.958746946113375 -99 -99 -99 -99
16 6 0 -99 -99 -99 -99
16 7 0 -99 -99 -99 -99
16 8 0 -99 -99 -99 -99
17 1 0.013096753448625 1 1200 0.9 0.5
17 2 0.008045248 160 1200 -99 -99
17 3 0.000863007 1 1700 0.8 0.5
17 4 0.017104502 120 1700 -99 -99
17 5 0.960890489551375 -99 -99 -99 -99
17 6 0 -99 -99 -99 -99
17 7 0 -99 -99 -99 -99
17 8 0 -99 -99 -99 -99
18 1 0.00393451958812496 1 1200 0.9 0.5
18 2 0.024436352 160 1200 -99 -99
18 3 0.000543063 1 1700 0.8 0.5
18 4 0.046129808 120 1700 -99 -99
18 5 0.924956257411875 -99 -99 -99 -99
18 6 0 -99 -99 -99 -99
18 7 0 -99 -99 -99 -99
18 8 0 -99 -99 -99 -99
19 1 0.08285354 1 1200 0.9 0.5
19 2 0.072346595 160 1200 -99 -99
19 3 0.008397325 1 1700 0.8 0.5
19 4 0.112796012 120 1700 -99 -99
19 5 0.722255706 -99 -99 -99 -99
19 6 0.001350822 -99 -99 -99 -99
19 7 0 -99 -99 -99 -99
19 8 0 -99 -99 -99 -99
20 1 0.027388166 1 1200 0.9 0.5
20 2 0.017143693 160 1200 -99 -99
20 3 0.006881971 1 1700 0.8 0.5
20 4 0.011929531 120 1700 -99 -99
20 5 0.934839923 -99 -99 -99 -99
20 6 0.001816716 -99 -99 -99 -99
20 7 0 -99 -99 -99 -99
20 8 0 -99 -99 -99 -99
21 1 0.029561179 1 1200 0.9 0.5
21 2 0.028465763 160 1200 -99 -99
21 3 0.003193898 1 1700 0.8 0.5
21 4 0.029266979 120 1700 -99 -99
21 5 0.908641938 -99 -99 -99 -99
21 6 0.000870242 -99 -99 -99 -99
21 7 0 -99 -99 -99 -99
21 8 0 -99 -99 -99 -99
22 1 0.0548247834000001 1 1200 0.9 0.5
22 2 0.077975845 160 1200 -99 -99
22 3 0.002141544 1 1700 0.8 0.5
22 4 0.056567963 120 1700 -99 -99
22 5 0.8084645623 -99 -99 -99 -99
22 6 0 -99 -99 -99 -99
22 7 2.53023e-05 -99 -99 -99 -99
22 8 0 -99 -99 -99 -99
23 1 0.014713039 1 1200 0.9 0.5
23 2 0.035609932 160 1200 -99 -99
23 3 0.005628706 1 1700 0.8 0.5
23 4 0.01584699 120 1700 -99 -99
23 5 0.927659285 -99 -99 -99 -99
23 6 0.000542047 -99 -99 -99 -99
23 7 0 -99 -99 -99 -99
23 8 0 -99 -99 -99 -99
24 1 0.008537067 1 1200 0.9 0.5
24 2 0.043257389 160 1200 -99 -99
24 3 0.001104136 1 1700 0.8 0.5
24 4 0.047748326 120 1700 -99 -99
24 5 0.899353082 -99 -99 -99 -99
24 6 0 -99 -99 -99 -99
24 7 0 -99 -99 -99 -99
24 8 0 -99 -99 -99 -99
25 1 0 1 1200 0.9 0.5
25 2 0.029875161 160 1200 -99 -99
25 3 0 1 1700 0.8 0.5
25 4 0.011593657 120 1700 -99 -99
25 5 0.958531181 -99 -99 -99 -99
25 6 0 -99 -99 -99 -99
25 7 0 -99 -99 -99 -99
25 8 0 -99 -99 -99 -99
26 1 0.124321985 1 1200 0.9 0.5
26 2 0.151322415 160 1200 -99 -99
26 3 0.001159267 1 1700 0.8 0.5
26 4 0.149737215 120 1700 -99 -99
26 5 0.561649597 -99 -99 -99 -99
26 6 0.01180952 -99 -99 -99 -99
26 7 0 -99 -99 -99 -99
26 8 0 -99 -99 -99 -99
27 1 0.12587254 1 1200 0.9 0.5
27 2 0.094727287 160 1200 -99 -99
27 3 0.000729646 1 1700 0.8 0.5
27 4 0.086327375 120 1700 -99 -99
27 5 0.679257106 -99 -99 -99 -99
27 6 0.013086046 -99 -99 -99 -99
27 7 0 -99 -99 -99 -99
27 8 0 -99 -99 -99 -99
28 1 0.095728126 1 1200 0.9 0.5
28 2 0.235910561 160 1200 -99 -99
28 3 0.000195908 1 1700 0.8 0.5
28 4 0.167427349 120 1700 -99 -99
28 5 0.468063987 -99 -99 -99 -99
28 6 0.03267407 -99 -99 -99 -99
28 7 0 -99 -99 -99 -99
28 8 0 -99 -99 -99 -99
29 1 0 1 1200 0.9 0.5
29 2 0 160 1200 -99 -99
29 3 0 1 1700 0.8 0.5
29 4 0.174749986 120 1700 -99 -99
29 5 0.825250014 -99 -99 -99 -99
29 6 0 -99 -99 -99 -99
29 7 0 -99 -99 -99 -99
29 8 0 -99 -99 -99 -99
30 1 0 1 1200 0.9 0.5
30 2 0 160 1200 -99 -99
30 3 0 1 1700 0.8 0.5
30 4 0 120 1700 -99 -99
30 5 1 -99 -99 -99 -99
30 6 0 -99 -99 -99 -99
30 7 0 -99 -99 -99 -99
30 8 0 -99 -99 -99 -99
31 1 0.0498542639584 1 1200 0.9 0.5
31 2 0.058638314 160 1200 -99 -99
31 3 0.003662964 1 1700 0.8 0.5
31 4 0.042416997 120 1700 -99 -99
31 5 0.8387972735208 -99 -99 -99 -99
31 6 0.00663018752079999 -99 -99 -99 -99
31 7 0 -99 -99 -99 -99
31 8 0 -99 -99 -99 -99
32 1 0.0332129152388001 1 1200 0.9 0.5
32 2 0.021647928 160 1200 -99 -99
32 3 0.003150204 1 1700 0.8 0.5
32 4 0.013457113 120 1700 -99 -99
32 5 0.9149412063806 -99 -99 -99 -99
32 6 0.0135906333806 -99 -99 -99 -99
32 7 0 -99 -99 -99 -99
32 8 0 -99 -99 -99 -99
33 1 0.00479354831779999 1 1200 0.9 0.5
33 2 0.017157227 160 1200 -99 -99
33 3 0.000706849 1 1700 0.8 0.5
33 4 0.00698641 120 1700 -99 -99
33 5 0.9637808018411 -99 -99 -99 -99
33 6 0.00657516384110001 -99 -99 -99 -99
33 7 0 -99 -99 -99 -99
33 8 0 -99 -99 -99 -99
34 1 0 1 1200 0.9 0.5
34 2 0 160 1200 -99 -99
34 3 0 1 1700 0.8 0.5
34 4 0 120 1700 -99 -99
34 5 1 -99 -99 -99 -99
34 6 0 -99 -99 -99 -99
34 7 0 -99 -99 -99 -99
34 8 0 -99 -99 -99 -99
35 1 0.00316304163000003 1 1200 0.9 0.5
35 2 0.010506001 160 1200 -99 -99
35 3 0.000998465 1 1700 0.8 0.5
35 4 0.006950223 120 1700 -99 -99
35 5 0.97838226937 -99 -99 -99 -99
35 6 0 -99 -99 -99 -99
35 7 0 -99 -99 -99 -99
35 8 0 -99 -99 -99 -99
36 1 0.0184245409982813 1 1200 0.9 0.5
36 2 0.010471394 160 1200 -99 -99
36 3 0.028003988 1 1700 0.8 0.5
36 4 0.053779699 120 1700 -99 -99
36 5 0.889320378001719 -99 -99 -99 -99
36 6 0 -99 -99 -99 -99
36 7 0 -99 -99 -99 -99
36 8 0 -99 -99 -99 -99
37 1 0.017812053779625 1 1200 0.9 0.5
37 2 0.020044841 160 1200 -99 -99
37 3 0.021362639 1 1700 0.8 0.5
37 4 0.136398719 120 1700 -99 -99
37 5 0.804381747220375 -99 -99 -99 -99
37 6 0 -99 -99 -99 -99
37 7 0 -99 -99 -99 -99
37 8 0 -99 -99 -99 -99
38 1 0.0015107393475563 1 1200 0.9 0.5
38 2 0.034146234 160 1200 -99 -99
38 3 0.000657023 1 1700 0.8 0.5
38 4 0.012293688 120 1700 -99 -99
38 5 0.951392315652444 -99 -99 -99 -99
38 6 0 -99 -99 -99 -99
38 7 0 -99 -99 -99 -99
38 8 0 -99 -99 -99 -99
39 1 0 1 1200 0.9 0.5
39 2 0 160 1200 -99 -99
39 3 0 1 1700 0.8 0.5
39 4 0 120 1700 -99 -99
39 5 1 -99 -99 -99 -99
39 6 0 -99 -99 -99 -99
39 7 0 -99 -99 -99 -99
39 8 0 -99 -99 -99 -99
40 1 0.000478119 1 1200 0.9 0.5
40 2 0.025603568 160 1200 -99 -99
40 3 0.00010193 1 1700 0.8 0.5
40 4 0.010919242 120 1700 -99 -99
40 5 0.9578177 -99 -99 -99 -99
40 6 0.00507944 -99 -99 -99 -99
40 7 0 -99 -99 -99 -99
40 8 0 -99 -99 -99 -99
41 1 0.002969339 1 1200 0.9 0.5
41 2 0.035330104 160 1200 -99 -99
41 3 0.002425927 1 1700 0.8 0.5
41 4 0.06984493 120 1700 -99 -99
41 5 0.885000877 -99 -99 -99 -99
41 6 0.004428822 -99 -99 -99 -99
41 7 0 -99 -99 -99 -99
41 8 0 -99 -99 -99 -99
42 1 0.03840696 1 1200 0.9 0.5
42 2 0.176584397 160 1200 -99 -99
42 3 0.001544398 1 1700 0.8 0.5
42 4 0.15101708 120 1700 -99 -99
42 5 0.55169963 -99 -99 -99 -99
42 6 0.080747534 -99 -99 -99 -99
42 7 0 -99 -99 -99 -99
42 8 0 -99 -99 -99 -99
43 1 0.032993977 1 1200 0.9 0.5
43 2 0.124730789 160 1200 -99 -99
43 3 0.001702444 1 1700 0.8 0.5
43 4 0.053767927 120 1700 -99 -99
43 5 0.751471286 -99 -99 -99 -99
43 6 0.035312997 -99 -99 -99 -99
43 7 2.05787e-05 -99 -99 -99 -99
43 8 0 -99 -99 -99 -99
44 1 0.004631224 1 1200 0.9 0.5
44 2 0.052242619 160 1200 -99 -99
44 3 9.89547e-05 1 1700 0.8 0.5
44 4 0.019242842 120 1700 -99 -99
44 5 0.905174267 -99 -99 -99 -99
44 6 0.018610093 -99 -99 -99 -99
44 7 0 -99 -99 -99 -99
44 8 0 -99 -99 -99 -99
45 1 0.075029961 1 1200 0.9 0.5
45 2 0.191912286 160 1200 -99 -99
45 3 0.001497297 1 1700 0.8 0.5
45 4 0.080045915 120 1700 -99 -99
45 5 0.346941912 -99 -99 -99 -99
45 6 0.304572629 -99 -99 -99 -99
45 7 0 -99 -99 -99 -99
45 8 0 -99 -99 -99 -99
46 1 0.188139403411708 1 1200 0.9 0.5
46 2 0.452129118 160 1200 -99 -99
46 3 0.000859078 1 1700 0.8 0.5
46 4 0.066259873 120 1700 -99 -99
46 5 0 -99 -99 -99 -99
46 6 0.292612527588292 -99 -99 -99 -99
46 7 0 -99 -99 -99 -99
46 8 0 -99 -99 -99 -99
47 1 0.693997845 1 1200 0.9 0.5
47 2 0.191824617 160 1200 -99 -99
47 3 0.077075466 1 1700 0.8 0.5
47 4 0.037102072 120 1700 -99 -99
47 5 6.8526e-17 -99 -99 -99 -99
47 6 2.86185e-17 -99 -99 -99 -99
47 7 0 -99 -99 -99 -99
47 8 0 -99 -99 -99 -99
